2017-06-23 205637.20,43.660838333333324,-79.39885444444444,141.3,25.7,242.733,1.8,986.667,1.0,06/23/2017 20:56:39.946,1.824,419.091,1.496,21221.787,0.0,,2,2017-06-23 16:56:40.916800;
2017-06-23 205640.20,43.66084,-79.3988561111111,141.0,25.7,23.967,1.4,986.667,1.0,06/23/2017 20:56:42.931,1.824,418.7,1.561,21200.463,0.0,,2,2017-06-23 16:56:43.932639;
2017-06-23 205643.20,43.66084166666667,-79.39885666666666,140.8,25.7,26.5,1.2,986.633,0.933,06/23/2017 20:56:45.916,1.824,418.759,1.402,21279.463,0.0,,2,2017-06-23 16:56:46.932851;
2017-06-23 205646.20,43.66084166666667,-79.39885666666666,140.8,25.7,39.867,1.2,986.6,1.1,06/23/2017 20:56:48.902,1.823,418.53,1.375,21163.1,0.0,,2,2017-06-23 16:56:49.917438;
2017-06-23 205649.20,43.66084,-79.39885666666666,140.8,25.7,83.8,1.033,986.6,1.1,06/23/2017 20:56:51.890,1.823,418.618,1.42,21205.997,0.0,,2,2017-06-23 16:56:52.936398;
2017-06-23 205652.20,43.66083944444444,-79.39885666666666,140.833,25.7,126.0,0.667,986.567,0.967,06/23/2017 20:56:54.876,1.824,418.199,1.451,21209.37,0.0,,2,2017-06-23 16:56:55.932949;
2017-06-23 205655.20,43.660838333333324,-79.39885666666666,140.9,25.733,243.6,0.333,986.667,2.433,06/23/2017 20:56:57.862,1.823,418.207,1.399,21190.83,0.0,,2,2017-06-23 16:56:58.934782;
2017-06-23 205658.20,43.66083666666666,-79.39885444444444,140.967,25.8,211.067,0.467,986.6,1.233,06/23/2017 20:57:00.847,1.824,418.541,1.438,21197.357,0.0,,2,2017-06-23 16:57:01.934992;
2017-06-23 205701.20,43.660835,-79.39885277777778,141.133,25.8,148.633,0.767,986.7,1.5,06/23/2017 20:57:03.832,1.824,418.803,1.431,21217.783,0.0,,2,2017-06-23 16:57:04.935205;
2017-06-23 205704.30,43.660833888888895,-79.39885166666667,141.233,25.8,231.367,0.4,986.6,1.967,06/23/2017 20:57:06.818,1.824,418.879,1.42,21201.073,0.0,,2,2017-06-23 16:57:07.935419;
2017-06-23 205707.20,43.660833333333336,-79.39885166666667,141.367,25.8,225.9,0.733,986.633,1.0,06/23/2017 20:57:09.806,1.823,419.34,1.364,21205.333,0.0,,2,2017-06-23 16:57:10.935630;
2017-06-23 205710.20,43.660833333333336,-79.39885166666667,141.567,25.8,235.5,0.667,986.667,1.0,06/23/2017 20:57:12.790,1.823,419.249,1.416,21217.907,0.0,,2,2017-06-23 16:57:13.935843;
2017-06-23 205713.20,43.660833333333336,-79.39885222222223,141.667,25.8,25.6,0.767,986.633,1.0,06/23/2017 20:57:15.777,1.824,418.804,1.305,21253.277,0.0,,2,2017-06-23 16:57:16.920432;
2017-06-23 205716.20,43.660833333333336,-79.39885333333334,141.833,25.8,18.567,1.167,986.633,1.0,06/23/2017 20:57:18.764,1.825,418.856,1.459,21267.087,0.0,,2,2017-06-23 16:57:19.936270;
2017-06-23 205719.20,43.66083277777778,-79.398855,141.867,25.8,119.9,1.033,986.667,1.0,06/23/2017 20:57:21.750,1.826,418.792,1.401,21279.763,0.0,,2,2017-06-23 16:57:22.936485;
2017-06-23 205722.20,43.660832777777784,-79.39885666666666,141.8,25.8,7.233,1.267,986.7,0.9,06/23/2017 20:57:24.736,1.827,418.7,1.37,21279.717,0.0,,2,2017-06-23 16:57:25.921069;
2017-06-23 205725.20,43.66083166666667,-79.39885833333334,141.7,25.8,235.1,0.933,986.7,0.9,06/23/2017 20:57:27.722,1.826,418.849,1.438,21315.603,0.0,,2,2017-06-23 16:57:28.936910;
2017-06-23 205728.20,43.66083166666667,-79.39886055555554,141.6,25.9,342.333,0.6,986.667,1.1,06/23/2017 20:57:30.708,1.827,418.63,1.476,21406.863,0.0,,2,2017-06-23 16:57:31.937124;
2017-06-23 205731.30,43.660831111111115,-79.39886277777778,141.467,25.9,345.4,0.767,986.667,1.3,06/23/2017 20:57:33.694,1.825,418.791,1.384,21344.657,0.0,,2,2017-06-23 16:57:34.921709;
2017-06-23 205734.20,43.66083,-79.39886333333334,141.267,25.9,123.467,1.133,986.7,0.9,06/23/2017 20:57:36.679,1.826,418.883,1.461,21371.58,0.0,,2,2017-06-23 16:57:37.937552;
2017-06-23 205737.20,43.66083,-79.39886333333334,141.067,25.9,132.267,0.867,986.7,0.9,06/23/2017 20:57:39.665,1.824,418.84,1.442,21437.427,0.0,,2,2017-06-23 16:57:40.937762;
2017-06-23 205740.20,43.66083,-79.39886166666666,140.967,25.9,121.567,0.533,986.633,0.9,06/23/2017 20:57:42.651,1.825,418.752,1.332,21435.17,0.0,,2,2017-06-23 16:57:43.922349;
2017-06-23 205743.20,43.66083,-79.39886055555554,141.0,25.9,38.0,0.767,986.7,0.9,06/23/2017 20:57:45.638,1.825,419.091,1.429,21366.56,0.0,,2,2017-06-23 16:57:46.938188;
2017-06-23 205746.20,43.66083,-79.39886,140.933,25.9,28.867,0.8,986.7,1.1,06/23/2017 20:57:48.624,1.825,418.511,1.443,21384.64,0.0,,2,2017-06-23 16:57:49.938401;
2017-06-23 205749.20,43.66082888888889,-79.39885833333334,140.767,25.9,68.833,0.7,986.7,1.5,06/23/2017 20:57:51.610,1.826,417.924,1.267,21450.53,0.0,,2,2017-06-23 16:57:52.951399;
2017-06-23 205752.20,43.660828333333335,-79.39885833333334,140.567,25.9,138.1,0.733,986.7,1.5,06/23/2017 20:57:54.596,1.825,418.073,1.449,21370.09,0.0,,2,2017-06-23 16:57:55.935984;
2017-06-23 205755.20,43.660828333333335,-79.39885777777778,140.333,25.9,143.433,1.5,986.733,0.9,06/23/2017 20:57:57.583,1.826,418.441,1.348,21421.763,0.0,,2,2017-06-23 16:57:58.936197;
2017-06-23 205758.20,43.660828333333335,-79.39885666666666,140.1,25.9,130.633,1.367,986.667,0.9,06/23/2017 20:58:00.568,1.826,418.258,1.43,21413.377,0.0,,2,2017-06-23 16:58:01.952040;
2017-06-23 205801.20,43.660828333333335,-79.39885555555556,139.8,25.9,152.167,2.067,986.667,1.1,06/23/2017 20:58:03.554,1.825,417.823,1.234,21373.003,0.0,,2,2017-06-23 16:58:04.936627;
2017-06-23 205804.20,43.66083,-79.39885277777778,139.567,25.9,150.767,2.767,986.667,0.9,06/23/2017 20:58:06.539,1.825,418.236,1.299,21337.07,0.0,,2,2017-06-23 16:58:07.936839;
2017-06-23 205807.20,43.66083166666667,-79.39885055555555,139.333,25.9,146.067,2.733,986.633,1.0,06/23/2017 20:58:09.525,1.826,418.448,1.261,21395.423,0.0,,2,2017-06-23 16:58:10.954960;
2017-06-23 205810.20,43.660833888888895,-79.39885,139.167,25.9,141.967,1.633,986.7,0.933,06/23/2017 20:58:12.511,1.825,418.069,1.419,21392.893,0.0,,2,2017-06-23 16:58:13.936338;
2017-06-23 205813.20,43.66083611111111,-79.39885,139.0,25.9,152.667,2.933,986.667,0.9,06/23/2017 20:58:15.497,1.823,418.164,1.289,21328.967,0.0,,2,2017-06-23 16:58:16.950373;
2017-06-23 205816.20,43.66083888888889,-79.39884944444445,138.9,25.8,147.167,2.167,986.667,0.9,06/23/2017 20:58:18.483,1.824,418.205,1.338,21347.467,0.0,,2,2017-06-23 16:58:19.950584;
2017-06-23 205819.20,43.66084277777778,-79.39884777777779,138.733,25.8,167.2,1.967,986.633,0.9,06/23/2017 20:58:21.469,1.822,417.789,1.398,21329.577,0.0,,2,2017-06-23 16:58:22.935171;
2017-06-23 205822.20,43.660846666666664,-79.39884666666667,138.6,25.8,159.367,1.467,986.633,0.9,06/23/2017 20:58:24.455,1.823,417.666,1.371,21288.31,0.0,,2,2017-06-23 16:58:25.951011;
2017-06-23 205825.20,43.66085,-79.39884444444444,138.533,25.8,149.467,1.5,986.6,0.9,06/23/2017 20:58:27.441,1.823,417.899,1.263,21238.347,0.0,,2,2017-06-23 16:58:28.951223;
2017-06-23 205828.20,43.660852500000004,-79.3988425,138.55,25.8,164.75,1.05,986.7,1.2,06/23/2017 20:58:30.427,1.822,418.12,1.476,21251.227,0.0,,2,2017-06-23 16:58:30.951364;
2017-06-23 205830.30,43.660854444444446,-79.39884055555557,138.633,25.8,177.267,1.367,986.567,1.0,06/23/2017 20:58:33.413,1.821,418.182,1.409,21209.263,0.0,,2,2017-06-23 16:58:33.951580;
2017-06-23 205833.30,43.66085666666667,-79.3988388888889,138.767,25.867,144.767,0.867,986.633,1.5,06/23/2017 20:58:36.399,1.822,417.713,1.364,21231.553,0.0,,2,2017-06-23 16:58:36.951324;
2017-06-23 205836.20,43.66085777777778,-79.39883833333333,138.9,25.9,144.333,1.333,986.667,2.633,06/23/2017 20:58:39.385,1.823,417.903,1.33,21230.293,0.0,,2,2017-06-23 16:58:39.953952;
2017-06-23 205839.30,43.66085833333333,-79.39883722222221,138.933,25.9,137.767,2.0,986.633,3.5,06/23/2017 20:58:42.371,1.822,418.161,1.306,21216.447,0.0,,2,2017-06-23 16:58:42.938535;
2017-06-23 205842.30,43.66085888888889,-79.39883833333333,139.0,25.9,150.4,1.467,986.667,2.167,06/23/2017 20:58:45.357,1.823,417.906,1.441,21233.477,0.0,,2,2017-06-23 16:58:45.938750;
2017-06-23 205845.30,43.66085999999999,-79.39883944444445,139.0,25.9,147.5,1.6,986.6,1.5,06/23/2017 20:58:48.343,1.823,417.824,1.281,21202.043,0.0,,2,2017-06-23 16:58:48.954589;
2017-06-23 205848.30,43.66086111111111,-79.39884111111111,139.0,25.9,152.733,1.867,986.667,1.333,06/23/2017 20:58:51.329,1.823,418.187,1.364,21224.047,0.0,,2,2017-06-23 16:58:51.955499;
2017-06-23 205851.30,43.66086222222222,-79.398845,138.933,25.9,149.1,1.667,986.633,1.0,06/23/2017 20:58:54.315,1.822,418.022,1.322,21205.34,0.0,,2,2017-06-23 16:58:54.950861;
2017-06-23 205854.30,43.66086333333333,-79.39885,138.9,25.9,151.767,1.233,986.6,1.0,06/23/2017 20:58:57.301,1.822,418.273,1.531,21223.65,0.0,,2,2017-06-23 16:58:57.951253;
2017-06-23 205857.30,43.66086333333333,-79.398855,138.833,25.9,153.0,1.167,986.633,1.067,06/23/2017 20:59:00.287,1.821,418.384,1.313,21179.43,0.0,,2,2017-06-23 16:59:00.935767;
2017-06-23 205900.30,43.66086333333333,-79.39885944444444,138.667,25.9,138.467,1.233,986.633,1.0,06/23/2017 20:59:03.274,1.823,418.121,1.565,21200.107,0.0,,2,2017-06-23 16:59:03.951609;
2017-06-23 205903.30,43.66086333333333,-79.39886166666666,138.5,25.9,135.433,1.067,986.6,1.067,06/23/2017 20:59:06.259,1.825,418.512,1.701,21246.1,0.0,,2,2017-06-23 16:59:06.951868;
2017-06-23 205906.30,43.66086333333333,-79.39886166666666,138.3,25.9,132.633,1.133,986.567,1.067,06/23/2017 20:59:09.245,1.823,418.042,1.3,21280.1,0.0,,2,2017-06-23 16:59:09.946195;
2017-06-23 205909.30,43.66086166666667,-79.3988611111111,138.0,25.9,128.3,1.533,986.633,1.067,06/23/2017 20:59:12.231,1.824,418.027,1.282,21224.913,0.0,,2,2017-06-23 16:59:12.946699;
2017-06-23 205912.30,43.66085999999999,-79.39886,137.7,25.9,114.8,2.0,986.533,1.0,06/23/2017 20:59:15.217,1.824,418.574,1.373,21264.683,0.0,,2,2017-06-23 16:59:15.946621;
2017-06-23 205915.30,43.66085944444444,-79.39885944444444,137.4,25.9,112.333,1.6,986.5,1.0,06/23/2017 20:59:18.203,1.824,418.846,1.502,21287.967,0.0,,2,2017-06-23 16:59:18.946837;
2017-06-23 205918.10,43.66085833333333,-79.39886,137.167,25.9,113.267,1.967,986.6,1.0,06/23/2017 20:59:21.189,1.822,418.084,1.304,21279.04,0.0,,2,2017-06-23 16:59:21.956855;
2017-06-23 205921.30,43.66085833333333,-79.39886055555554,136.967,25.9,130.8,1.433,986.6,1.0,06/23/2017 20:59:24.177,1.822,418.269,1.319,21293.787,0.0,,2,2017-06-23 16:59:24.952414;
2017-06-23 205924.20,43.66085666666667,-79.39886222222222,136.767,25.9,112.767,1.4,986.567,0.967,06/23/2017 20:59:27.163,1.822,418.561,1.404,21263.71,0.0,,2,2017-06-23 16:59:27.948329;
2017-06-23 205927.30,43.66085666666667,-79.39886555555556,136.567,25.9,135.533,1.7,986.6,1.3,06/23/2017 20:59:30.149,1.823,418.244,1.282,21302.53,0.0,,2,2017-06-23 16:59:30.948412;
2017-06-23 205930.30,43.660855,-79.39886777777777,136.367,25.867,151.967,1.633,986.6,1.5,06/23/2017 20:59:33.134,1.822,418.609,1.41,21303.013,0.0,,2,2017-06-23 16:59:33.948579;
2017-06-23 205933.30,43.660855,-79.39887055555556,136.2,25.8,152.867,1.5,986.633,1.5,06/23/2017 20:59:36.120,1.822,418.687,1.152,21272.05,0.0,,2,2017-06-23 16:59:36.948796;
2017-06-23 205936.30,43.66085666666667,-79.39887222222222,135.9,25.8,148.733,1.7,986.6,1.333,06/23/2017 20:59:39.106,1.822,418.76,1.419,21260.697,0.0,,2,2017-06-23 16:59:39.949005;
2017-06-23 205939.30,43.660857222222226,-79.39887333333333,135.667,25.8,149.233,1.733,986.567,0.933,06/23/2017 20:59:42.093,1.823,418.906,1.554,21283.917,0.0,,2,2017-06-23 16:59:42.949323;
2017-06-23 205942.30,43.66085888888889,-79.39887333333333,135.5,25.8,153.367,2.267,986.6,0.967,06/23/2017 20:59:45.079,1.821,418.72,1.319,21342.63,0.0,,2,2017-06-23 16:59:45.968206;
2017-06-23 205945.30,43.66085999999999,-79.39887333333333,135.367,25.8,167.4,2.433,986.567,0.9,06/23/2017 20:59:48.065,1.822,418.497,1.362,21322.253,0.0,,2,2017-06-23 16:59:48.952794;
2017-06-23 205948.30,43.66085999999999,-79.39887388888889,135.267,25.8,159.833,1.533,986.633,1.0,06/23/2017 20:59:51.051,1.821,418.409,1.333,21378.173,0.0,,2,2017-06-23 16:59:51.953007;
2017-06-23 205951.30,43.66085999999999,-79.39887444444444,135.2,25.8,138.0,1.433,986.567,1.6,06/23/2017 20:59:54.036,1.823,418.17,1.43,21311.197,0.0,,2,2017-06-23 16:59:54.969693;
2017-06-23 205954.30,43.66085999999999,-79.39887333333333,135.2,25.8,143.967,1.033,986.533,1.567,06/23/2017 20:59:57.022,1.82,418.266,1.431,21357.117,0.0,,2,2017-06-23 16:59:57.946523;
2017-06-23 205957.30,43.66085999999999,-79.39887111111112,135.3,25.8,159.533,1.233,986.567,1.3,06/23/2017 21:00:00.008,1.823,418.327,1.537,21310.097,0.0,,2,2017-06-23 17:00:00.962712;
2017-06-23 210118.30,43.660865694444446,-79.39886916666667,136.15,25.675,129.675,1.925,986.508,1.108,06/23/2017 21:01:20.630,1.819,416.916,1.247,21619.196,0.0,,10,2017-06-23 17:01:25.966227;
2017-06-23 210129.20,43.66085969696971,-79.39886136363637,135.764,25.7,112.936,1.945,986.527,0.909,06/23/2017 21:01:31.579,1.818,467.881,1.201,21759.955,0.0,,10,2017-06-23 17:01:36.967008;
2017-06-23 210140.20,43.66085954545456,-79.39886151515151,135.509,25.7,124.345,2.027,986.536,0.945,06/23/2017 21:01:42.528,1.818,433.177,1.281,21756.707,0.0,,10,2017-06-23 17:01:47.952161;
2017-06-23 210151.20,43.66086000000001,-79.39886727272727,135.3,25.7,112.782,0.909,986.555,0.9,06/23/2017 21:01:53.477,1.817,419.741,1.296,21702.101,0.0,,10,2017-06-23 17:01:58.952947;
2017-06-23 210202.30,43.66086166666667,-79.39886966666667,135.63,25.7,143.85,1.3,986.53,0.91,06/23/2017 21:02:04.428,1.817,417.373,1.294,21580.123,0.0,,10,2017-06-23 17:02:08.969283;
2017-06-23 210212.30,43.66086030303031,-79.39886727272727,135.755,25.7,148.527,1.573,986.518,1.009,06/23/2017 21:02:15.377,1.817,416.974,1.311,21666.826,0.0,,10,2017-06-23 17:02:19.970185;
2017-06-23 210223.30,43.6608593939394,-79.39886772727272,136.027,25.7,141.527,1.491,986.591,0.909,06/23/2017 21:02:26.325,1.816,419.0,1.276,21634.43,0.0,,10,2017-06-23 17:02:30.986585;
2017-06-23 210234.40,43.66086015151516,-79.39886287878788,136.309,25.609,135.564,2.145,986.518,1.136,06/23/2017 21:02:37.274,1.816,418.01,1.286,21542.838,0.0,,10,2017-06-23 17:02:41.987254;
2017-06-23 210245.40,43.660862121212126,-79.39885590909093,136.855,25.6,146.391,2.573,986.555,1.064,06/23/2017 21:02:48.223,1.818,417.52,1.264,21492.872,0.0,,10,2017-06-23 17:02:52.988085;
2017-06-23 210256.40,43.66086166666667,-79.39885303030304,136.918,25.6,141.136,2.564,986.527,1.055,06/23/2017 21:02:59.169,1.821,417.813,1.314,21397.129,0.0,,10,2017-06-23 17:03:03.973187;
2017-06-23 210307.40,43.66086287878788,-79.39885696969698,137.055,25.6,147.127,2.091,986.536,1.0,06/23/2017 21:03:10.118,1.822,417.936,1.329,21387.185,0.0,,10,2017-06-23 17:03:14.973970;
2017-06-23 210318.40,43.66086590909091,-79.39885742424244,137.5,25.6,155.209,1.573,986.536,1.109,06/23/2017 21:03:21.067,1.822,417.906,1.33,21364.725,0.0,,10,2017-06-23 17:03:25.974754;
2017-06-23 210329.40,43.66086606060606,-79.39885090909092,138.009,25.6,145.827,1.282,986.555,0.982,06/23/2017 21:03:32.017,1.82,417.842,1.357,21432.37,0.0,,10,2017-06-23 17:03:36.975714;
2017-06-23 210351.40,43.66088878787879,-79.3988709090909,138.027,25.6,127.091,0.8,986.564,0.9,06/23/2017 21:03:53.915,1.819,417.628,1.332,21514.642,0.0,,10,2017-06-23 17:03:58.977095;
2017-06-23 210402.40,43.66112030303031,-79.39907318181818,141.955,25.6,141.609,2.436,986.573,0.918,06/23/2017 21:04:04.862,1.82,419.815,1.285,21532.953,0.0,,10,2017-06-23 17:04:09.977876;
2017-06-23 210413.40,43.661349393939396,-79.3990462121212,132.318,25.6,242.136,0.918,986.5,0.9,06/23/2017 21:04:15.811,1.823,426.074,1.293,21533.695,0.0,,10,2017-06-23 17:04:20.978660;
2017-06-23 210424.40,43.66144560606061,-79.39913151515151,130.091,25.6,273.918,1.609,986.545,0.9,06/23/2017 21:04:26.759,1.822,421.984,1.252,21445.163,0.0,,10,2017-06-23 17:04:31.983094;
2017-06-23 210435.40,43.661610454545446,-79.39926666666668,128.218,25.6,200.4,5.427,986.573,0.9,06/23/2017 21:04:37.711,1.824,419.793,1.385,21457.436,0.0,,10,2017-06-23 17:04:42.988581;
2017-06-23 210446.40,43.66177424242425,-79.39918878787877,111.836,25.6,252.9,4.191,986.482,1.091,06/23/2017 21:04:48.661,1.825,420.625,1.371,21537.088,0.0,,10,2017-06-23 17:04:53.989363;
2017-06-23 210457.40,43.66181772727273,-79.39904575757575,113.609,25.6,187.518,3.818,986.464,0.9,06/23/2017 21:04:59.609,1.826,417.001,1.296,21665.602,0.0,,10,2017-06-23 17:05:04.974519;
2017-06-23 210508.40,43.66173712121212,-79.39927393939394,110.345,25.6,57.455,5.545,986.445,0.9,06/23/2017 21:05:10.563,1.828,418.901,1.409,21693.21,0.0,,10,2017-06-23 17:05:15.991841;
2017-06-23 210519.40,43.66143787878787,-79.39921818181818,108.164,25.6,256.764,6.382,986.491,0.9,06/23/2017 21:05:21.513,1.83,427.004,1.361,21594.462,0.0,,10,2017-06-23 17:05:26.995877;
2017-06-23 210530.40,43.661061000000004,-79.39903400000001,110.38,25.6,179.98,6.46,986.51,0.96,06/23/2017 21:05:32.461,1.831,427.099,1.289,21557.244,0.0,,10,2017-06-23 17:05:36.988623;
2017-06-23 210540.40,43.66068469696969,-79.39887636363636,109.673,25.6,30.555,4.4,986.564,0.918,06/23/2017 21:05:43.410,1.834,434.922,1.311,21605.345,0.0,,10,2017-06-23 17:05:47.989395;
2017-06-23 210551.40,43.66053227272728,-79.39869181818182,126.236,25.664,63.164,0.627,986.636,0.964,06/23/2017 21:05:54.358,1.825,434.436,1.293,21597.122,0.0,,10,2017-06-23 17:05:58.990293;
2017-06-23 210602.40,43.66049681818181,-79.3986053030303,139.909,25.727,71.055,0.7,986.636,0.936,06/23/2017 21:06:05.304,1.822,421.75,1.234,21521.827,0.0,,10,2017-06-23 17:06:09.983389;
2017-06-23 210613.40,43.660466212121214,-79.39862363636364,145.145,25.8,92.036,0.782,986.609,0.936,06/23/2017 21:06:16.254,1.822,419.776,1.248,21468.763,0.0,,10,2017-06-23 17:06:21.001705;
2017-06-23 210624.40,43.66047015151514,-79.39864803030301,143.427,25.8,134.4,0.518,986.645,1.182,06/23/2017 21:06:27.202,1.826,418.381,1.272,21521.69,0.0,,10,2017-06-23 17:06:31.981233;
2017-06-23 210635.40,43.66045,-79.39865545454545,145.609,25.882,58.591,0.255,986.673,1.0,06/23/2017 21:06:38.151,1.824,418.604,1.2,21532.624,0.0,,10,2017-06-23 17:06:42.995799;
2017-06-23 210646.40,43.6604446969697,-79.39866257575758,144.927,25.9,127.464,0.373,986.764,1.236,06/23/2017 21:06:49.100,1.823,418.693,1.241,21584.968,0.0,,10,2017-06-23 17:06:53.992173;
2017-06-23 210726.40,43.66050166666667,-79.3987415151515,135.609,26.0,102.518,0.318,986.709,0.964,06/23/2017 21:07:28.913,1.826,421.618,1.265,21721.232,0.0,,10,2017-06-23 17:07:33.883857;
2017-06-23 210737.30,43.660515757575766,-79.39874712121212,132.727,26.055,133.782,0.373,986.673,1.045,06/23/2017 21:07:39.862,1.826,421.635,1.259,21748.196,0.0,,10,2017-06-23 17:07:44.884637;
2017-06-23 210748.40,43.66052787878788,-79.39875409090911,129.827,26.1,138.836,0.291,986.664,0.9,06/23/2017 21:07:50.811,1.827,423.958,1.247,21804.172,0.0,,10,2017-06-23 17:07:55.885419;
2017-06-23 210759.40,43.660529545454544,-79.39875499999998,129.3,26.1,129.582,0.555,986.7,0.9,06/23/2017 21:08:01.759,1.829,420.369,1.255,21833.887,0.0,,10,2017-06-23 17:08:06.886202;
2017-06-23 210810.40,43.660534242424234,-79.39875742424243,127.727,26.1,128.391,0.555,986.664,0.9,06/23/2017 21:08:12.708,1.83,422.061,1.189,21873.531,0.0,,10,2017-06-23 17:08:17.893190;
2017-06-23 210821.40,43.66054196969697,-79.39876181818182,127.091,26.191,133.727,0.745,986.691,0.918,06/23/2017 21:08:23.659,1.833,424.681,1.317,21855.399,0.0,,10,2017-06-23 17:08:28.893969;
2017-06-23 210832.30,43.660551818181816,-79.39876606060608,125.6,26.2,139.527,0.645,986.718,0.9,06/23/2017 21:08:34.607,1.834,425.34,1.276,21817.796,0.0,,10,2017-06-23 17:08:39.894755;
2017-06-23 210843.30,43.66055484848484,-79.39876727272728,124.682,26.2,129.564,0.7,986.673,0.927,06/23/2017 21:08:45.556,1.836,425.848,1.31,21806.601,0.0,,10,2017-06-23 17:08:50.879910;
2017-06-23 210854.30,43.6605562121212,-79.39876757575759,125.009,26.2,134.7,0.691,986.673,0.918,06/23/2017 21:08:56.505,1.834,426.795,1.252,21816.375,0.0,,10,2017-06-23 17:09:01.880689;
2017-06-23 210905.40,43.66055803030302,-79.39876924242425,124.918,26.245,137.036,0.764,986.691,0.964,06/23/2017 21:09:07.453,1.837,429.202,1.254,21835.58,0.0,,10,2017-06-23 17:09:12.881469;
2017-06-23 210916.30,43.66056015151515,-79.39876666666667,125.045,26.3,132.4,0.836,986.709,1.018,06/23/2017 21:09:18.402,1.84,426.507,1.281,21805.177,0.0,,10,2017-06-23 17:09:23.897878;
2017-06-23 210927.40,43.660562333333345,-79.39877183333333,124.34,26.3,124.0,0.59,986.65,0.92,06/23/2017 21:09:29.357,1.839,429.543,1.277,21797.886,0.0,,10,2017-06-23 17:09:33.898590;
2017-06-23 210937.30,43.660560757575745,-79.39878651515149,122.927,26.3,129.173,0.818,986.673,0.9,06/23/2017 21:09:40.304,1.838,436.01,1.221,21788.532,0.0,,10,2017-06-23 17:09:44.899372;
2017-06-23 210948.30,43.66055363636363,-79.3987909090909,122.845,26.364,132.991,0.736,986.682,0.9,06/23/2017 21:09:51.255,1.835,429.109,1.249,21758.489,0.0,,10,2017-06-23 17:09:55.900152;
2017-06-23 210959.40,43.66055106060606,-79.39879409090912,122.673,26.4,137.118,0.955,986.673,0.964,06/23/2017 21:10:02.202,1.835,425.331,1.231,21669.771,0.0,,10,2017-06-23 17:10:06.900935;
2017-06-23 211010.40,43.66055045454545,-79.39879439393941,122.518,26.4,136.927,0.927,986.664,1.027,06/23/2017 21:10:13.151,1.836,424.379,1.261,21630.394,0.0,,10,2017-06-23 17:10:17.901761;
2017-06-23 211021.40,43.660550303030305,-79.39879712121211,122.518,26.4,154.8,0.936,986.664,1.0,06/23/2017 21:10:24.101,1.839,425.009,1.252,21666.43,0.0,,10,2017-06-23 17:10:28.886870;
2017-06-23 211032.20,43.66055151515151,-79.39879818181817,122.991,26.4,149.618,0.836,986.673,1.0,06/23/2017 21:10:35.048,1.839,425.499,1.204,21678.004,0.0,,10,2017-06-23 17:10:39.903279;
2017-06-23 211043.40,43.66055424242424,-79.39879863636362,123.291,26.4,152.591,1.418,986.709,1.0,06/23/2017 21:10:45.997,1.84,426.865,1.24,21746.219,0.0,,10,2017-06-23 17:10:50.888479;
2017-06-23 211054.40,43.66042,-79.39876015151515,121.8,26.318,92.091,4.291,986.709,0.945,06/23/2017 21:10:56.946,1.84,426.469,1.143,21760.542,0.0,,10,2017-06-23 17:11:01.889324;
2017-06-23 211105.40,43.660151363636366,-79.39867787878788,127.591,26.3,211.364,3.373,986.673,0.9,06/23/2017 21:11:07.896,1.843,429.542,1.265,21669.652,0.0,,10,2017-06-23 17:11:12.905624;
2017-06-23 211116.40,43.66015090909091,-79.39864227272727,111.264,26.3,216.845,2.145,986.709,0.9,06/23/2017 21:11:18.844,1.844,439.098,1.146,21722.235,0.0,,10,2017-06-23 17:11:23.906402;
2017-06-23 211127.40,43.660230909090906,-79.39869848484847,114.964,26.382,210.955,0.818,986.7,0.9,06/23/2017 21:11:29.794,1.845,441.064,1.113,21811.534,0.0,,10,2017-06-23 17:11:34.907185;
2017-06-23 211138.30,43.66021742424242,-79.39872848484848,120.627,26.4,200.091,0.945,986.682,0.927,06/23/2017 21:11:40.741,1.843,428.554,1.161,21807.332,0.0,,10,2017-06-23 17:11:45.907967;
2017-06-23 211149.30,43.66024181818182,-79.39874939393938,121.427,26.382,188.945,1.609,986.7,0.918,06/23/2017 21:11:51.689,1.842,431.35,1.227,21693.288,0.0,,10,2017-06-23 17:11:56.908748;
2017-06-23 211200.40,43.6602687878788,-79.39876575757576,120.327,26.336,172.7,0.8,986.736,0.909,06/23/2017 21:12:02.639,1.844,432.305,1.258,21672.203,0.0,,10,2017-06-23 17:12:07.909528;
2017-06-23 211211.30,43.660253030303025,-79.39878409090907,123.445,26.309,152.945,0.982,986.709,0.9,06/23/2017 21:12:13.589,1.844,427.298,1.251,21746.198,0.0,,10,2017-06-23 17:12:18.910312;
2017-06-23 211222.40,43.66025227272727,-79.39879863636367,125.873,26.373,154.782,0.564,986.709,0.909,06/23/2017 21:12:24.536,1.843,427.455,1.167,21784.003,0.0,,10,2017-06-23 17:12:29.911093;
2017-06-23 211233.40,43.66032500000001,-79.39883651515152,131.164,26.382,156.273,1.945,986.709,0.9,06/23/2017 21:12:35.484,1.843,432.332,1.269,21823.043,0.0,,10,2017-06-23 17:12:40.927498;
2017-06-23 211244.40,43.66050863636363,-79.39882151515152,136.127,26.3,201.927,3.782,986.627,0.936,06/23/2017 21:12:46.434,1.844,428.765,1.257,21807.74,0.0,,10,2017-06-23 17:12:51.928280;
2017-06-23 211255.40,43.660721,-79.39884383333333,144.97,26.3,196.29,3.8,986.62,0.95,06/23/2017 21:12:57.382,1.847,435.346,1.426,21699.185,0.0,,10,2017-06-23 17:13:01.913369;
2017-06-23 211305.40,43.661132272727265,-79.39900393939394,125.636,26.3,192.464,4.882,986.509,0.955,06/23/2017 21:13:08.332,1.847,433.689,1.607,21657.899,0.0,,10,2017-06-23 17:13:12.914196;
2017-06-23 211316.40,43.66153060606061,-79.39922409090907,118.255,26.3,179.8,4.218,986.482,0.945,06/23/2017 21:13:19.280,1.847,435.086,1.23,21688.76,0.0,,10,2017-06-23 17:13:23.915109;
2017-06-23 211327.40,43.661737878787875,-79.39924515151516,112.491,26.3,218.982,2.073,986.482,0.9,06/23/2017 21:13:30.230,1.847,449.338,1.204,21709.163,0.0,,10,2017-06-23 17:13:34.915756;
2017-06-23 211338.30,43.66184272727273,-79.39895545454546,116.036,26.3,272.736,4.355,986.455,1.091,06/23/2017 21:13:41.179,1.844,442.273,1.162,21746.115,0.0,,10,2017-06-23 17:13:45.932219;
2017-06-23 211349.40,43.66189651515151,-79.39858,116.845,26.3,268.809,3.655,986.464,1.155,06/23/2017 21:13:52.127,1.84,447.791,1.179,21909.134,0.0,,10,2017-06-23 17:13:56.917548;
2017-06-23 211400.40,43.66197575757575,-79.39831075757576,116.327,26.3,271.909,2.327,986.445,1.027,06/23/2017 21:14:03.075,1.838,450.583,1.222,22038.735,0.0,,10,2017-06-23 17:14:07.933811;
2017-06-23 211411.40,43.6620456060606,-79.39808863636364,115.564,26.3,273.818,2.618,986.464,0.927,06/23/2017 21:14:14.023,1.835,441.387,1.194,22226.62,0.0,,10,2017-06-23 17:14:18.918836;
2017-06-23 211422.40,43.6620703030303,-79.39793803030301,114.955,26.391,244.673,0.464,986.473,1.118,06/23/2017 21:14:24.972,1.837,439.323,1.135,22248.863,0.0,,10,2017-06-23 17:14:29.919808;
2017-06-23 211433.20,43.66205333333334,-79.39793106060606,111.536,26.473,191.136,0.245,986.482,1.009,06/23/2017 21:14:35.921,1.837,426.621,1.144,22309.169,0.0,,10,2017-06-23 17:14:40.920399;
2017-06-23 211444.40,43.66206348484848,-79.39785106060607,111.382,26.5,195.618,0.391,986.518,0.964,06/23/2017 21:14:46.871,1.837,425.335,1.227,22340.577,0.0,,10,2017-06-23 17:14:51.921181;
2017-06-23 211455.20,43.662085,-79.3977187878788,112.055,26.5,255.218,1.6,986.545,0.9,06/23/2017 21:14:57.820,1.841,451.262,1.356,22342.675,0.0,,10,2017-06-23 17:15:02.921962;
2017-06-23 211506.40,43.661832272727274,-79.39754575757577,111.291,26.4,165.609,6.373,986.555,0.9,06/23/2017 21:15:08.767,1.842,459.058,1.431,22259.001,0.0,,10,2017-06-23 17:15:13.922742;
2017-06-23 211517.40,43.6614453030303,-79.3974409090909,112.545,26.245,4.309,7.627,986.5,0.936,06/23/2017 21:15:19.716,1.848,459.454,1.295,22238.638,0.0,,10,2017-06-23 17:15:24.923524;
2017-06-23 211528.40,43.661024545454545,-79.39730530303031,108.727,26.2,3.818,7.9,986.527,0.9,06/23/2017 21:15:30.665,1.851,448.357,1.404,22065.304,0.0,,10,2017-06-23 17:15:35.924306;
2017-06-23 211539.40,43.660638484848484,-79.3971046969697,109.373,26.109,36.582,6.664,986.6,0.991,06/23/2017 21:15:41.615,1.863,447.799,1.21,21921.823,0.0,,10,2017-06-23 17:15:46.925088;
2017-06-23 211550.40,43.66039757575757,-79.39723090909091,108.073,26.2,88.6,5.664,986.591,0.964,06/23/2017 21:15:52.564,1.868,480.869,1.272,21985.767,0.0,,10,2017-06-23 17:15:57.925867;
2017-06-23 211601.40,43.660303333333324,-79.39770924242424,106.791,26.2,101.909,6.809,986.609,1.118,06/23/2017 21:16:03.511,1.854,504.328,1.002,22099.833,0.0,,10,2017-06-23 17:16:08.926650;
2017-06-23 211612.40,43.660146818181815,-79.39813924242425,104.918,26.2,99.309,6.745,986.609,0.982,06/23/2017 21:16:14.460,1.843,461.152,1.156,21954.643,0.0,,10,2017-06-23 17:16:19.943057;
2017-06-23 211623.40,43.660171818181816,-79.39858727272728,105.836,26.1,140.745,5.3,986.573,1.0,06/23/2017 21:16:25.408,1.841,445.143,1.147,21828.294,0.0,,10,2017-06-23 17:16:30.943838;
2017-06-23 211634.40,43.660304833333335,-79.39870883333333,112.93,26.18,111.43,1.23,986.62,1.0,06/23/2017 21:16:36.357,1.84,447.03,1.094,21777.879,0.0,,10,2017-06-23 17:16:40.928924;
2017-06-23 211644.40,43.66039257575758,-79.39868030303032,121.936,26.2,134.909,1.155,986.627,1.0,06/23/2017 21:16:47.307,1.84,435.118,1.128,21826.51,0.0,,10,2017-06-23 17:16:51.929887;
2017-06-23 211655.40,43.660457121212126,-79.39865166666667,127.773,26.255,156.764,0.882,986.655,1.027,06/23/2017 21:16:58.256,1.84,431.515,1.069,21844.217,0.0,,10,2017-06-23 17:17:02.930536;
2017-06-23 211706.40,43.6605203030303,-79.39863151515152,131.191,26.291,162.6,1.191,986.709,1.0,06/23/2017 21:17:09.204,1.842,431.691,1.022,21924.219,0.0,,10,2017-06-23 17:17:13.931448;
2017-06-23 211717.40,43.660570303030305,-79.39862409090911,137.791,26.2,177.864,1.055,986.773,1.018,06/23/2017 21:17:20.152,1.842,438.699,1.051,21930.247,0.0,,10,2017-06-23 17:17:24.923700;
2017-06-23 211728.40,43.660605606060614,-79.39863015151516,141.464,26.2,197.727,1.209,986.736,1.009,06/23/2017 21:17:31.102,1.841,445.449,1.15,21928.226,0.0,,10,2017-06-23 17:17:35.924529;
2017-06-23 211739.40,43.660609848484846,-79.39863681818183,145.145,26.2,172.282,0.827,986.745,1.018,06/23/2017 21:17:42.050,1.84,434.323,0.994,21906.379,0.0,,10,2017-06-23 17:17:46.940890;
2017-06-23 211750.40,43.660594696969696,-79.398625,147.055,26.2,161.8,0.455,986.791,1.136,06/23/2017 21:17:53.000,1.84,428.878,0.983,21837.072,0.0,,10,2017-06-23 17:17:57.940792;
2017-06-23 211801.40,43.66058484848484,-79.39861075757575,145.673,26.3,124.891,0.373,986.773,1.509,06/23/2017 21:18:03.949,1.84,427.052,0.935,21809.343,0.0,,10,2017-06-23 17:18:08.946991;
2017-06-23 211812.40,43.660581515151506,-79.39859984848485,145.036,26.3,71.591,0.609,986.736,1.464,06/23/2017 21:18:14.896,1.839,426.4,1.052,21806.559,0.0,,10,2017-06-23 17:18:19.947772;
2017-06-23 211823.40,43.660572424242424,-79.39858454545457,146.191,26.3,63.6,0.6,986.745,1.045,06/23/2017 21:18:25.848,1.839,425.116,1.055,21873.43,0.0,,10,2017-06-23 17:18:30.947982;
2017-06-23 211834.40,43.660576060606054,-79.39859803030302,147.327,26.3,53.255,0.391,986.727,1.1,06/23/2017 21:18:36.797,1.839,423.592,1.06,21845.144,0.0,,10,2017-06-23 17:18:41.948762;
2017-06-23 211845.40,43.6605846969697,-79.39861166666668,147.3,26.3,169.682,0.364,986.791,1.164,06/23/2017 21:18:47.751,1.841,423.726,1.005,21837.815,0.0,,10,2017-06-23 17:18:52.943311;
2017-06-23 211856.40,43.66059484848485,-79.39860848484847,146.836,26.3,199.027,0.673,986.845,1.273,06/23/2017 21:18:58.698,1.84,427.859,0.965,21861.423,0.0,,10,2017-06-23 17:19:03.944090;
2017-06-23 211907.40,43.66059742424242,-79.39860545454543,148.2,26.3,157.655,0.709,986.827,1.118,06/23/2017 21:19:09.648,1.843,433.241,0.941,21859.815,0.0,,10,2017-06-23 17:19:14.951359;
2017-06-23 211918.40,43.660598484848485,-79.39861409090909,148.527,26.3,155.773,0.709,986.8,1.0,06/23/2017 21:19:20.595,1.842,431.362,1.011,21893.861,0.0,,10,2017-06-23 17:19:25.937184;
2017-06-23 211929.40,43.66059393939394,-79.3986231818182,148.282,26.3,167.227,1.109,986.827,1.055,06/23/2017 21:19:31.547,1.842,428.768,0.927,21875.001,0.0,,10,2017-06-23 17:19:36.937964;
2017-06-23 211940.40,43.66058924242425,-79.3986234848485,148.645,26.227,192.464,2.336,986.836,1.091,06/23/2017 21:19:42.500,1.843,428.022,0.985,21910.305,0.0,,10,2017-06-23 17:19:47.954373;
2017-06-23 211951.40,43.660587878787894,-79.39862500000002,148.6,26.2,174.436,1.673,986.809,1.091,06/23/2017 21:19:53.450,1.846,428.898,1.083,21814.515,0.0,,10,2017-06-23 17:19:58.955155;
2017-06-23 212002.40,43.66058383333333,-79.39861916666666,148.79,26.2,175.43,2.14,986.8,1.0,06/23/2017 21:20:04.399,1.847,430.311,1.081,21698.393,0.0,,10,2017-06-23 17:20:08.955865;
2017-06-23 212012.40,43.66058075757575,-79.39861363636362,149.009,26.2,153.109,1.473,986.8,1.0,06/23/2017 21:20:15.348,1.846,429.663,0.982,21671.332,0.0,,10,2017-06-23 17:20:19.956692;
2017-06-23 212202.40,43.66059454545455,-79.39861272727272,147.482,26.1,102.327,0.482,986.836,1.018,06/23/2017 21:22:04.850,1.841,427.224,0.829,21893.336,0.0,,10,2017-06-23 17:22:09.964460;
2017-06-23 212213.40,43.66059515151515,-79.39862045454548,147.091,26.1,143.718,0.6,986.827,1.255,06/23/2017 21:22:15.799,1.842,426.51,0.867,21875.94,0.0,,10,2017-06-23 17:22:20.965242;
2017-06-23 212224.40,43.66059666666666,-79.39862363636365,146.036,26.1,115.191,0.591,986.8,1.036,06/23/2017 21:22:26.748,1.842,439.862,0.8,21788.28,0.0,,10,2017-06-23 17:22:31.966024;
2017-06-23 212235.40,43.66059196969698,-79.39862575757577,145.309,26.1,142.618,1.082,986.855,1.009,06/23/2017 21:22:37.698,1.843,441.114,0.874,21805.706,0.0,,10,2017-06-23 17:22:42.972805;
2017-06-23 212246.40,43.66058772727274,-79.3986275757576,145.091,26.045,186.118,1.755,986.836,1.0,06/23/2017 21:22:48.647,1.844,436.082,0.899,21886.144,0.0,,10,2017-06-23 17:22:53.973516;
2017-06-23 212257.40,43.66058363636363,-79.39863075757577,145.364,26.0,143.964,1.345,986.809,1.0,06/23/2017 21:22:59.594,1.843,428.753,0.775,21808.199,0.0,,10,2017-06-23 17:23:04.974299;
2017-06-23 212308.40,43.660585,-79.39863136363637,145.327,26.0,148.064,1.255,986.855,1.0,06/23/2017 21:23:10.543,1.842,427.382,0.83,21738.998,0.0,,10,2017-06-23 17:23:15.975079;
2017-06-23 212319.40,43.66041863636363,-79.39868803030303,140.455,26.0,148.191,3.009,986.764,1.009,06/23/2017 21:23:21.492,1.843,434.385,1.115,21892.816,0.0,,10,2017-06-23 17:23:26.975858;
2017-06-23 212330.40,43.66019818181818,-79.39845833333334,119.736,26.0,290.718,5.618,986.782,1.0,06/23/2017 21:23:32.440,1.844,432.571,1.113,21892.93,0.0,,10,2017-06-23 17:23:37.976642;
2017-06-23 212341.30,43.660281499999996,-79.39794433333336,113.73,25.91,268.53,6.32,986.72,1.28,06/23/2017 21:23:43.389,1.846,436.276,0.995,21906.182,0.0,,10,2017-06-23 17:23:47.977353;
2017-06-23 212351.40,43.66032621212121,-79.39741606060608,114.536,25.9,277.991,6.145,986.755,1.264,06/23/2017 21:23:54.338,1.844,443.236,0.886,21900.508,0.0,,10,2017-06-23 17:23:58.962509;
2017-06-23 212402.40,43.66032303030303,-79.39714212121213,115.255,25.936,276.964,0.991,986.773,1.0,06/23/2017 21:24:05.288,1.846,454.293,0.943,22007.377,0.0,,10,2017-06-23 17:24:09.978963;
2017-06-23 212413.40,43.660318484848496,-79.39714106060607,114.209,26.009,322.527,0.555,986.782,1.0,06/23/2017 21:24:16.235,1.853,444.761,0.896,22087.463,0.0,,10,2017-06-23 17:24:20.979876;
2017-06-23 212424.40,43.660325,-79.39713318181819,112.127,26.0,312.782,0.764,986.809,1.0,06/23/2017 21:24:27.186,1.857,441.24,0.948,22135.059,0.0,,10,2017-06-23 17:24:31.980658;
2017-06-23 212435.40,43.66037893939393,-79.39703772727272,112.8,26.0,288.518,3.527,986.809,1.0,06/23/2017 21:24:38.133,1.849,437.688,1.056,22186.691,0.0,,10,2017-06-23 17:24:42.981391;
2017-06-23 212446.40,43.66066909090909,-79.39703318181817,115.6,25.9,199.173,5.6,986.782,1.0,06/23/2017 21:24:49.083,1.858,443.557,1.219,22253.773,0.0,,10,2017-06-23 17:24:53.982043;
2017-06-23 212457.50,43.66100712121212,-79.39716651515151,113.309,25.9,194.227,5.036,986.655,1.0,06/23/2017 21:25:00.030,1.858,430.481,0.919,22085.552,0.0,,10,2017-06-23 17:25:04.982897;
2017-06-23 212508.50,43.66135121212122,-79.39733621212122,117.982,25.9,192.745,5.955,986.609,1.009,06/23/2017 21:25:10.979,1.851,428.471,0.86,21949.295,0.0,,10,2017-06-23 17:25:15.999280;
2017-06-23 212519.50,43.66178060606061,-79.39746560606062,115.009,25.809,192.891,7.064,986.518,1.0,06/23/2017 21:25:21.931,1.846,428.011,0.966,21933.555,0.0,,10,2017-06-23 17:25:27.000011;
2017-06-23 212530.50,43.66221090909091,-79.39764136363637,112.109,25.8,185.709,8.009,986.418,1.0,06/23/2017 21:25:32.880,1.845,450.76,0.971,22017.331,0.0,,10,2017-06-23 17:25:38.000793;
2017-06-23 212541.50,43.66263,-79.3978203030303,113.373,25.8,185.136,6.264,986.464,1.0,06/23/2017 21:25:43.829,1.847,486.268,1.06,21986.65,0.0,,10,2017-06-23 17:25:49.001576;
2017-06-23 212552.50,43.662980909090905,-79.39802848484847,123.673,25.8,158.809,4.491,986.445,1.0,06/23/2017 21:25:54.783,1.847,479.952,1.139,21920.022,0.0,,10,2017-06-23 17:26:00.002355;
2017-06-23 212603.50,43.662976212121215,-79.3981540909091,124.2,25.882,123.218,1.245,986.409,1.0,06/23/2017 21:26:05.733,1.847,462.96,1.135,21924.09,0.0,,10,2017-06-23 17:26:10.987587;
2017-06-23 212614.50,43.66285803030302,-79.39802045454547,133.455,25.836,66.664,4.6,986.418,1.0,06/23/2017 21:26:16.678,1.848,454.625,1.001,22002.17,0.0,,10,2017-06-23 17:26:21.972668;
2017-06-23 212625.50,43.66256818181818,-79.39787227272728,119.273,25.755,18.018,7.464,986.427,1.0,06/23/2017 21:26:27.627,1.847,450.991,0.996,21910.045,0.0,,10,2017-06-23 17:26:32.989073;
2017-06-23 212636.50,43.66221909090909,-79.39772893939393,107.891,25.755,28.127,5.4,986.427,1.036,06/23/2017 21:26:38.575,1.848,436.8,0.919,21868.75,0.0,,10,2017-06-23 17:26:43.989902;
2017-06-23 212647.50,43.662060606060614,-79.39785636363636,109.555,25.8,112.118,3.318,986.455,1.036,06/23/2017 21:26:49.526,1.854,441.16,1.046,21865.94,0.0,,10,2017-06-23 17:26:54.990682;
2017-06-23 212658.50,43.66195863636364,-79.39821924242426,109.673,25.8,103.682,6.655,986.464,1.0,06/23/2017 21:27:00.476,1.863,452.005,1.027,21939.225,0.0,,10,2017-06-23 17:27:06.007043;
2017-06-23 212709.50,43.66184783333333,-79.398743,108.18,25.71,109.35,8.07,986.47,1.4,06/23/2017 21:27:11.425,1.849,442.363,0.989,21979.892,0.0,,10,2017-06-23 17:27:16.007756;
2017-06-23 212719.50,43.661792272727276,-79.39921106060606,107.273,25.7,123.864,5.782,986.473,1.182,06/23/2017 21:27:22.374,1.85,437.745,0.985,22079.768,0.0,,10,2017-06-23 17:27:27.008540;
2017-06-23 212730.50,43.66206393939394,-79.39945954545455,110.782,25.691,190.482,6.618,986.445,1.0,06/23/2017 21:27:33.322,1.856,456.517,1.27,22144.124,0.0,,10,2017-06-23 17:27:37.993739;
2017-06-23 212741.50,43.66246409090909,-79.39961151515152,115.264,25.6,196.136,6.309,986.345,1.0,06/23/2017 21:27:44.270,1.849,446.574,1.12,22009.037,0.0,,10,2017-06-23 17:27:48.994652;
2017-06-23 212752.50,43.66282893939394,-79.39975484848483,121.727,25.6,192.682,6.155,986.291,1.0,06/23/2017 21:27:55.220,1.846,435.992,1.092,21934.291,0.0,,10,2017-06-23 17:27:59.995255;
2017-06-23 212803.40,43.663285,-79.39991287878787,116.836,25.6,188.964,7.155,986.264,1.0,06/23/2017 21:28:06.175,1.851,434.343,0.978,21882.555,0.0,,10,2017-06-23 17:28:11.011713;
2017-06-23 212814.50,43.66367848484848,-79.40009863636362,110.964,25.6,194.191,7.8,986.264,1.0,06/23/2017 21:28:17.121,1.864,441.289,1.346,21971.101,0.0,,10,2017-06-23 17:28:22.012623;
2017-06-23 212825.50,43.664066969696975,-79.40029818181819,116.127,25.6,191.364,7.236,986.282,1.073,06/23/2017 21:28:28.070,1.869,440.732,1.091,22027.667,0.0,,10,2017-06-23 17:28:33.013405;
2017-06-23 212836.50,43.664473484848486,-79.40046090909092,116.891,25.6,198.036,5.245,986.182,1.018,06/23/2017 21:28:39.020,1.866,438.564,1.128,21956.684,0.0,,10,2017-06-23 17:28:44.014188;
2017-06-23 212847.50,43.6647403030303,-79.40052196969697,113.973,25.6,195.827,3.3,986.191,1.0,06/23/2017 21:28:49.970,1.863,437.464,1.116,21851.335,0.0,,10,2017-06-23 17:28:55.014839;
2017-06-23 212858.50,43.665004696969696,-79.40064075757576,110.464,25.6,177.5,2.964,986.118,1.0,06/23/2017 21:29:00.918,1.863,442.145,1.208,21842.034,0.0,,10,2017-06-23 17:29:06.015569;
2017-06-23 212909.50,43.66493333333333,-79.40065863636363,111.527,25.555,31.864,6.582,986.109,1.0,06/23/2017 21:29:11.867,1.864,441.934,1.346,21943.961,0.0,,10,2017-06-23 17:29:17.016350;
2017-06-23 212920.50,43.66450560606061,-79.4004556060606,111.091,25.436,8.591,9.164,986.164,1.0,06/23/2017 21:29:22.813,1.867,458.644,1.358,21955.795,0.0,,10,2017-06-23 17:29:28.017133;
2017-06-23 212931.50,43.663987727272726,-79.40027636363635,112.345,25.364,7.109,9.882,986.164,1.027,06/23/2017 21:29:33.761,1.871,458.473,1.187,21879.23,0.0,,10,2017-06-23 17:29:39.017915;
2017-06-23 215616.60,43.66035539518899,-79.39874634020613,119.463,25.101,223.437,0.985,986.606,1.071,06/23/2017 21:29:44.710,1.881,457.327,1.554,22024.12,0.0,,10,2017-06-23 17:57:05.906911;
2017-06-23 215709.60,43.66013348484848,-79.39866984848486,123.227,25.191,246.8,0.655,986.618,0.855,06/23/2017 21:57:12.100,1.877,441.96,1.777,22233.026,0.0,,10,2017-06-23 17:57:16.876441;
2017-06-23 215720.60,43.66012909090909,-79.39867090909091,123.6,25.2,272.164,0.927,986.627,0.873,06/23/2017 21:57:23.050,1.877,458.725,1.726,22257.791,0.0,,10,2017-06-23 17:57:27.877221;
2017-06-23 215731.60,43.66012212121212,-79.39867333333335,124.155,25.2,271.318,0.827,986.618,0.955,06/23/2017 21:57:33.999,1.877,441.933,1.639,22281.786,0.0,,10,2017-06-23 17:57:38.878005;
2017-06-23 215742.60,43.66011696969698,-79.39867575757577,124.464,25.2,235.591,0.636,986.618,1.709,06/23/2017 21:57:44.946,1.877,435.216,1.691,22301.708,0.0,,10,2017-06-23 17:57:49.878890;
2017-06-23 215753.60,43.66011469696971,-79.39867575757577,124.264,25.2,215.536,0.718,986.573,1.045,06/23/2017 21:57:55.895,1.88,433.042,1.649,22310.109,0.0,,10,2017-06-23 17:58:00.879567;
2017-06-23 215804.60,43.66011363636365,-79.3986693939394,124.518,25.2,204.936,0.791,986.609,0.918,06/23/2017 21:58:06.844,1.882,434.007,1.81,22413.126,0.0,,10,2017-06-23 17:58:11.880350;
2017-06-23 215815.60,43.66011393939395,-79.39866590909088,125.218,25.2,185.964,0.7,986.609,0.936,06/23/2017 21:58:17.793,1.884,434.48,1.849,22464.44,0.0,,10,2017-06-23 17:58:22.881130;
2017-06-23 215826.60,43.66010893939393,-79.39866136363635,125.436,25.2,168.618,1.055,986.6,0.9,06/23/2017 21:58:28.741,1.886,432.958,1.754,22428.046,0.0,,10,2017-06-23 17:58:33.881912;
2017-06-23 215837.60,43.660100303030305,-79.39865515151513,125.618,25.2,182.8,1.373,986.591,0.973,06/23/2017 21:58:39.690,1.886,432.091,1.718,22425.935,0.0,,10,2017-06-23 17:58:44.867068;
2017-06-23 215848.60,43.6600965,-79.39865449999999,125.71,25.2,184.31,0.36,986.6,0.98,06/23/2017 21:58:50.639,1.884,429.985,1.692,22418.457,0.0,,10,2017-06-23 17:58:56.164749;
2017-06-23 215858.60,43.66009803030303,-79.39865999999998,125.591,25.3,290.727,0.818,986.6,0.9,06/23/2017 21:59:01.589,1.885,430.753,1.611,22393.405,0.0,,10,2017-06-23 17:59:05.884185;
2017-06-23 215910.60,43.660103333333325,-79.39865763888888,125.417,25.3,266.908,1.225,986.625,0.9,06/23/2017 21:59:12.536,1.881,428.872,1.744,22347.169,0.0,,10,2017-06-23 17:59:18.869593;
2017-06-23 215921.60,43.66011083333334,-79.39865133333332,127.07,25.3,159.41,0.32,986.58,0.9,06/23/2017 21:59:23.487,1.881,427.25,1.662,22358.883,0.0,,10,2017-06-23 17:59:27.885747;
2017-06-23 215931.60,43.66011333333335,-79.39864393939393,127.591,25.382,80.845,0.427,986.573,0.918,06/23/2017 21:59:34.435,1.878,429.25,1.665,22283.615,0.0,,10,2017-06-23 17:59:38.886648;
2017-06-23 215942.60,43.660113484848495,-79.39864212121212,127.482,25.4,189.7,0.182,986.573,1.1,06/23/2017 21:59:45.383,1.879,428.069,1.674,22258.574,0.0,,10,2017-06-23 17:59:49.887311;
2017-06-23 215953.60,43.660117272727284,-79.3986446969697,127.236,25.4,285.864,0.627,986.555,0.991,06/23/2017 21:59:56.331,1.881,435.392,1.7,22335.685,0.0,,10,2017-06-23 18:00:00.888093;
2017-06-23 220004.60,43.66011909090909,-79.39864696969697,127.136,25.4,256.264,0.536,986.582,0.918,06/23/2017 22:00:07.280,1.892,433.766,1.707,22290.039,0.0,,10,2017-06-23 18:00:11.888876;
2017-06-23 220015.60,43.660120909090914,-79.3986453030303,127.155,25.4,266.509,1.845,986.536,0.9,06/23/2017 22:00:18.231,1.897,430.066,1.724,22214.975,0.0,,10,2017-06-23 18:00:22.889655;
2017-06-23 220026.60,43.660120909090914,-79.39864227272727,126.636,25.4,266.264,1.736,986.518,1.1,06/23/2017 22:00:29.177,1.898,430.319,1.758,22330.044,0.0,,10,2017-06-23 18:00:33.890439;
2017-06-23 220037.60,43.66011712121213,-79.39863378787881,126.182,25.4,247.355,1.327,986.518,0.9,06/23/2017 22:00:40.126,1.902,430.359,1.696,22422.176,0.0,,10,2017-06-23 18:00:44.891265;
2017-06-23 220048.60,43.66011954545455,-79.39863227272728,126.218,25.4,190.936,0.536,986.545,0.9,06/23/2017 22:00:51.075,1.899,429.466,1.749,22417.435,0.0,,10,2017-06-23 18:00:55.892047;
2017-06-23 220059.60,43.660120757575754,-79.39863136363637,125.618,25.418,211.455,0.391,986.518,0.9,06/23/2017 22:01:02.024,1.89,428.273,1.744,22284.995,0.0,,10,2017-06-23 18:01:06.892782;
2017-06-23 220110.60,43.660123636363636,-79.39863227272728,125.027,25.491,257.6,1.136,986.555,0.891,06/23/2017 22:01:12.974,1.891,430.976,1.765,22242.432,0.0,,10,2017-06-23 18:01:17.893561;
2017-06-23 220121.60,43.66012954545454,-79.39864287878787,124.764,25.4,258.473,1.336,986.536,0.9,06/23/2017 22:01:23.921,1.89,428.558,1.728,22228.922,0.0,,10,2017-06-23 18:01:28.894372;
2017-06-23 220132.60,43.66013499999999,-79.39865424242423,124.373,25.4,245.245,1.282,986.518,0.9,06/23/2017 22:01:34.871,1.893,428.984,1.729,22289.003,0.0,,10,2017-06-23 18:01:39.894737;
2017-06-23 220143.60,43.660132121212115,-79.39865606060606,123.945,25.4,239.791,0.618,986.518,0.9,06/23/2017 22:01:45.819,1.893,428.62,1.745,22260.612,0.0,,10,2017-06-23 18:01:50.902587;
2017-06-23 220154.60,43.660128939393935,-79.3986596969697,123.136,25.436,261.045,1.1,986.509,1.045,06/23/2017 22:01:56.767,1.897,436.588,1.99,22328.472,0.0,,10,2017-06-23 18:02:01.894581;
2017-06-23 220205.60,43.660128333333326,-79.3986559090909,122.245,25.5,277.855,1.245,986.518,1.7,06/23/2017 22:02:07.716,1.902,459.84,2.691,22384.695,0.0,,10,2017-06-23 18:02:12.903601;
2017-06-23 220216.60,43.66012783333333,-79.39865566666666,121.58,25.5,263.43,0.63,986.51,1.3,06/23/2017 22:02:18.667,1.899,438.642,2.046,22355.802,0.0,,10,2017-06-23 18:02:22.896311;
2017-06-23 220226.60,43.66012227272727,-79.39865803030301,120.709,25.5,255.136,0.5,986.482,0.891,06/23/2017 22:02:29.614,1.897,435.639,1.782,22359.379,0.0,,10,2017-06-23 18:02:33.898038;
2017-06-23 220237.60,43.660119242424244,-79.3986553030303,120.255,25.5,257.8,1.173,986.527,0.873,06/23/2017 22:02:40.568,1.897,440.339,1.774,22339.488,0.0,,10,2017-06-23 18:02:44.908045;
